1 7 4 2018 13 27 1 1234 0
1 7 4 2018 13 27 1 v1234 1
1 8 4 2018 13 27 0 1234 0
1 8 4 2018 13 27 1 1234 0
1 8 4 2018 14 27 0 1234 0
2 8 4 2018 13 27 1 1234 0
2 9 4 2018 19 27 0 1234 0
3 22 4 2018 1 51 1 12345 0
1 23 4 2018 17 35 0 b16cs006 0
1 23 4 2018 17 35 1 b16cs006 0
4 23 4 2018 17 50 0 b16cs006 0
4 23 4 2018 17 50 0 b16cs005 0
4 23 4 2018 17 51 1 b16cs005 0
4 23 4 2018 17 51 1 b16cs006 0
4 23 4 2018 17 51 1 rj14ss2018 1
3 24 4 2018 0 14 1 zxcv 0
3 24 4 2018 0 14 1 asdf 0
3 24 4 2018 0 14 1 adsf 1
7 24 4 2018 11 9 1 123 0
9 24 4 2018 12 20 1 abc 0
9 24 4 2018 12 20 1 xyz 1
9 24 4 2018 12 21 0 b16cs004 0
9 24 4 2018 12 22 0 b16cs006 0
9 24 4 2018 12 30 1 b16cs006 0
9 24 4 2018 12 30 1 xyzz 1
9 24 4 2018 12 34 0 abc 0
9 24 4 2018 12 34 0 xyz 1
5 24 4 2018 12 46 1 adsfg 0
